86
1.201255
1.201255
1.201255
1.201255
1.201255
1.201255
1.201255
1.201255
1.201255
1.201255
1.201255
1.201255
1.201255
1.201255
1.201255
1.201255
1.203249
1.203249
1.203249
1.203249
1.203249
1.203249
1.203249
1.203249
1.203249
1.203249
1.203249
1.227161
1.229832
1.229832
1.015625
1.015625
1.015625
1.015625
1.015625
1.015625
1.015625
1.015625
1.015625
1.015625
1.015625
1.015625
1.015625
1.201255
1.201255
1.201255
1.201255
1.201255
1.201255
1.201255
1.201255
1.201255
1.201255
1.201255
1.201255
1.201255
1.201255
1.201255
1.201255
1.203249
1.203249
1.203249
1.203249
1.203249
1.203249
1.203249
1.203249
1.203249
1.203249
1.203249
1.227161
1.229832
1.229832
1.015625
1.015625
1.015625
1.015625
1.015625
1.015625
1.015625
1.015625
1.015625
1.015625
1.015625
1.015625
1.015625
